#   t [Gyr]    x [kpc]    y [kpc]    z [kpc]  vx [km/s]  vy [km/s]  vz [km/s]
      0.000     -2.010      2.900     -1.450      0.340      8.040     -1.660
      0.071     -1.720      3.070     -1.470     -0.600      6.620     -0.780
      0.143     -1.850      3.160     -1.550     -5.070      9.890     -0.930
      0.214     -2.140      3.390     -1.580     -3.510      7.740     -0.060
      0.286     -2.450      3.780     -1.610     -5.400      7.320      0.430
      0.357     -2.780      4.100     -1.520     -8.120      6.540      0.270
      0.429     -3.280      4.740     -1.620     -7.370     13.710     -2.270
      0.500     -3.570      5.570     -1.830     -3.390      9.310     -3.530
      0.571     -3.670      6.110     -2.040     -4.510      5.220     -2.430
      0.643     -3.970      6.570     -2.150     -6.980      4.880     -1.440
      0.714     -4.150      7.000     -2.210     -7.270      6.900     -1.650
      0.786     -4.500      7.570     -2.560     -7.960     10.920     -6.710
      0.857     -5.150      8.290     -3.180    -10.780      6.710     -9.050
      0.929     -5.900      9.130     -3.710    -12.440     10.650     -8.630
      1.000     -6.560     10.330     -4.310     -5.060     12.740     -8.260
      1.071     -6.940     11.050     -4.880     -5.400     11.460    -10.120
      1.143     -7.450     12.040     -5.610     -6.980     17.010    -12.040
      1.214     -7.690     13.380     -6.440     -5.850     14.360    -10.730
      1.286     -8.670     14.490     -7.170    -11.210     15.480    -10.380
      1.357     -9.400     15.850     -7.960     -9.690     19.780    -11.150
      1.429     -9.990     17.060     -8.840    -11.830     14.120    -13.780
      1.500    -10.780     18.250     -9.830    -12.130     20.770    -14.770
      1.571    -11.570     19.750    -10.860    -11.430     25.090    -16.180
      1.643    -12.410     21.480    -11.800    -13.100     25.990    -12.450
      1.714    -13.330     23.330    -12.740    -12.240     26.670    -13.400
      1.786    -14.150     25.190    -13.750    -14.370     25.060    -15.980
      1.857    -15.310     26.970    -14.860    -19.040     28.980    -15.140
      1.929    -16.700     29.250    -15.800    -22.180     30.790    -15.000
      2.000    -18.230     31.640    -16.880    -22.110     34.720    -16.310
      2.071    -19.840     34.290    -18.010    -21.380     41.330    -15.830
      2.143    -21.250     37.110    -19.200    -17.300     39.460    -16.610
      2.214    -22.640     40.030    -20.440    -18.690     39.760    -19.560
      2.286    -24.220     42.840    -21.840    -23.260     38.530    -20.410
      2.357    -25.930     45.900    -23.160    -22.300     42.810    -19.470
      2.429    -27.620     49.030    -24.490    -24.760     42.050    -19.560
      2.500    -29.420     52.260    -25.890    -25.340     50.670    -20.290
      2.571    -31.120     56.010    -27.360    -24.760     53.340    -21.440
      2.643    -33.110     59.760    -28.780    -26.140     55.050    -19.950
      2.714    -34.950     63.700    -30.280    -27.190     54.950    -21.310
      2.786    -36.910     67.720    -31.890    -29.050     60.840    -24.050
      2.857    -39.100     72.170    -33.610    -29.460     63.400    -23.870
      2.929    -41.230     76.770    -35.400    -30.900     66.910    -27.610
      3.000    -43.090     81.420    -37.460    -34.000     72.640    -29.120
      3.071    -45.410     87.240    -39.450    -30.420     79.330    -28.220
      3.143    -47.660     93.020    -41.510    -33.750     82.680    -30.050
      3.214    -49.720     99.180    -43.710    -36.930     85.240    -30.160
      3.286    -52.380    105.580    -45.730    -39.040     89.550    -29.270
      3.357    -55.360    112.460    -47.950    -42.780     97.290    -31.020
      3.429    -58.480    119.990    -50.170    -43.730    108.990    -32.050
      3.500    -61.670    128.290    -52.270    -40.390    122.870    -30.310
      3.571    -64.650    137.340    -54.360    -43.590    131.600    -28.340
      3.643    -67.790    147.430    -56.320    -43.020    149.540    -28.070
      3.714    -70.860    158.890    -58.070    -41.760    170.240    -21.190
      3.786    -74.050    171.840    -59.250    -42.380    192.800    -11.430
      3.857    -76.970    186.780    -59.380    -35.440    226.010      9.310
      3.929    -78.630    204.410    -57.230     -5.660    265.610     57.410
      4.000    -76.710    223.100    -50.340     58.870    246.400    129.580
      4.071    -71.240    238.350    -40.080     90.330    182.970    148.780
      4.143    -64.490    249.410    -30.160     85.980    125.880    130.030
      4.214    -58.670    257.210    -21.880     76.500     89.920    104.090
      4.286    -53.660    262.820    -15.150     67.780     64.990     85.530
      4.357    -49.120    266.330     -9.640     63.170     43.880     72.580
      4.429    -44.710    268.690     -5.010     59.460     25.640     62.790
      4.500    -40.550    270.040     -0.920     59.030     10.130     52.040
      4.571    -36.460    270.190      2.730     55.140     -7.020     48.970
      4.643    -32.660    269.380      6.070     51.170    -17.680     43.180
      4.714    -29.010    267.790      9.030     51.850    -28.310     37.910
      4.786    -25.430    265.330     11.650     50.640    -40.660     32.840
      4.857    -21.880    262.110     13.960     49.210    -51.210     30.540
      4.929    -18.520    258.140     16.070     45.630    -60.220     27.680
      5.000    -15.450    253.420     17.820     41.590    -69.930     21.510
      5.071    -12.620    248.030     19.160     37.660    -79.850     15.630
      5.143     -9.930    242.030     19.940     36.070    -86.590      5.790
      5.214     -7.450    235.570     19.960     32.790    -91.620     -7.540
      5.286     -5.140    228.910     18.950     32.580    -88.880    -21.380
      5.357     -2.670    222.400     17.450     37.860    -88.280    -23.650
      5.429     -0.120    215.550     15.890     37.270    -98.140    -21.560
      5.500      2.370    207.930     14.420     35.710   -114.650    -18.670
      5.571      4.720    199.220     13.100     32.390   -129.510    -16.360
      5.643      6.720    189.150     11.690     23.430   -151.550    -21.430
      5.714      8.010    177.370      9.800     10.160   -177.170    -29.960
      5.786      8.130    163.160      6.930    -12.110   -223.040    -50.330
      5.857      4.180    144.650      1.520   -171.460   -232.750    -88.060
      5.929     -4.480    135.280     -0.870    -81.530    -70.570    -14.640
      6.000     -6.920    132.080     -0.130     24.460    -33.730     22.820
      6.071     -4.910    131.820      2.010     79.700     -1.370     49.450
      6.143      0.240    133.610      5.180    125.360     41.680     71.910
      6.214      8.260    138.270      9.700    192.660    139.510    118.650
      6.286     21.930    144.980     19.110     36.770    -44.170     31.950
      6.357     22.960    139.950     18.570     39.220    -52.150     18.760
      6.429     25.370    138.110     20.040     42.100    -29.200     19.170
      6.500        nan        nan        nan        nan        nan        nan
      6.571     31.690    135.150     24.040     42.160    -30.150     22.020
      6.643     34.880    133.200     27.040     40.720    -23.350     34.880
      6.714     37.740    131.520     29.990     38.310    -26.510     32.250
      6.786     40.310    129.510     32.490     40.490    -27.730     39.000
      6.857     43.070    127.180     34.540     42.110    -30.010     29.960
      6.929     45.780    124.680     36.480     42.150    -29.450     23.220
      7.000     48.550    122.250     38.440     38.100    -26.760     22.800
      7.071     51.070    119.970     40.290     39.880    -24.610     29.560
      7.143     53.250    118.100     41.980     32.070    -23.510     22.340
      7.214     57.780    115.810     43.780     34.060    -24.560     19.390
      7.286     60.380    114.100     45.220     33.020    -25.050     23.060
      7.357     62.910    112.270     46.880     33.200    -26.050     22.550
      7.429     65.310    110.390     48.840     28.810    -24.370     27.550
      7.500     67.450    108.560     50.740     27.210    -23.350     27.740
      7.571     69.550    106.650     52.470     28.210    -28.300     25.030
      7.643     71.560    104.710     54.110     31.500    -26.510     29.160
      7.714     73.480    103.090     55.720     28.820    -20.790     24.720
      7.786     75.230    101.740     56.930     27.230    -20.790     19.620
      7.857     76.990    100.690     57.840     29.530    -18.580     18.830
      7.929        nan        nan        nan        nan        nan        nan
      8.000     81.740     98.450     60.830     37.790    -15.760     20.270
      8.071     84.370     97.260     62.360     36.330    -18.570     23.910
      8.143     87.110     96.060     63.970     39.230    -20.760     22.210
      8.214     89.680     94.820     65.690     37.890    -16.440     30.880
      8.286     92.400     93.680     67.860     42.100    -16.370     36.820
      8.357     95.090     92.600     70.330     40.380    -24.520     36.320
      8.429     97.870     91.030     72.850     37.180    -23.180     36.580
      8.500    100.520     89.370     75.160     34.420    -25.680     32.080
      8.571    103.120     87.650     77.250     33.060    -27.360     28.760
      8.643    105.620     85.880     79.220     34.310    -26.240     24.990
      8.714    107.990     83.910     81.030     31.200    -28.550     23.160
      8.786    110.160     81.920     82.610     28.740    -26.690     17.750
      8.857    112.360     79.970     84.140     30.870    -25.390     17.800
      8.929    114.660     77.960     85.770     33.430    -27.110     23.100
      9.000    116.120     75.100     87.160     30.380    -25.170     21.660
      9.071    118.240     73.380     88.750     29.840    -22.300     21.580
      9.143    120.570     71.900     89.930     29.850    -27.600     16.860
      9.214    122.520     69.850     91.430     30.300    -27.110     19.620
      9.286    124.730     68.100     92.910     31.390    -27.090     22.880
      9.357    127.150     66.400     94.400     30.240    -26.390     19.750
      9.429    129.100     64.550     95.710     25.880    -28.520     20.660
      9.500    131.070     62.800     97.340     26.620    -23.400     25.140
      9.571    132.930     61.480     99.120     27.980    -18.450     25.270
      9.643    134.820     60.150    100.620     27.560    -13.020     26.340
      9.714    136.970     59.140    102.450     30.630    -13.700     22.380
      9.786    139.220     58.510    104.250     34.090    -17.310     23.310
      9.857    141.610     57.230    105.940     34.740    -17.340     25.790
      9.929    144.210     55.890    108.110     37.620    -18.090     32.310
     10.000    146.890     54.430    110.250     39.800    -21.420     33.110
     10.071    149.690     53.090    112.790     36.470    -19.970     31.720
     10.143    151.870     51.380    114.710     31.510    -17.870     34.180
     10.214    154.200     50.060    117.070     32.150    -18.300     31.330
     10.286    156.470     48.710    119.260     31.710    -18.380     32.220
     10.357    158.850     47.440    121.400     31.810    -17.070     28.450
     10.429    160.590     46.010    123.230     32.860    -22.100     25.730
     10.500    162.800     44.260    124.810     28.460    -26.670     22.040
     10.571    164.960     42.390    126.190     29.840    -29.640     18.400
     10.643    167.960     40.080    128.010     30.600    -30.620     17.670
     10.714    170.150     38.060    129.380     29.710    -28.370     18.040
     10.786    172.110     36.200    130.750     25.710    -26.590     18.790
     10.857    173.930     34.580    132.180     25.070    -22.220     20.470
     10.929    175.800     33.630    133.530     32.280    -17.270     24.960
     11.000    178.020     32.350    135.580     32.620    -16.930     28.320
     11.071    180.310     30.870    137.760     30.170    -20.890     27.520
     11.143    182.450     29.260    139.670     29.040    -21.750     27.210
     11.214    184.620     27.580    141.460     31.180    -23.360     29.310
     11.286    186.750     25.920    143.280     28.230    -20.990     25.430
     11.357    188.740     24.320    145.070     26.870    -20.530     28.460
